2538
2532
2533
2533
2533
2534
2533
2534
2534
2534
2535
4519
4520
4525
4531
4532
6018
6018
6019
8025
8026
10017
10017
14016
18015
18015
18015
18014
18014
18015
20017
22017
26012
26013
26013
26013
32012
32012
32012
32012
34012
36014
36015
36016
38012
38011
38011
38012
38012
38011
38011
38011
38011
38010
38011
38011
37509
37507
37506
37505
37506
39509
39509
39508
39507
39506
41500
41497
41492
41492
41491
45490
45490
45489
47489
49490
49489
49489
51486
51485
51484
51483
53480
59481
59480
61480
65478
65477
65477
67477
67477
69480
69480
69480
75479
75479
77475
77476
77476
77475
75502
75501
75500
75499
75500
75499
75499
77503
77503
77503
77502
75517
75517
75512
75506
79503
80017
80017
82019
82011
82010
80019
80020
76020
72021
72021
72021
72022
74023
74022
72020
70020
66025
66024
68022
68022
64022
64022
64022
70038
68037
66035
66034
68023
66028
70023
72022
72021
72021
72022
72022
72022
72022
72022
72021
72022
72022
72022
72022
72022
74020
76018
76017
76017
78018
78018
76021
76022
78029
78028
78028
74029
74028
78032
76031
76018
76018
78035
76037
76038
78021
78021
76023
72022
72022
74020
70021
76024
76023
74023
76023
80023
80024
82019
76020
80019
78022
78022
78022
78022
78022
78022
78022
78022
78022
78022
78022
76017
76017
82018
82018
82017
82017
84019
84019
80020
80017
80017
78014
76015
76016
76016
76015
80019
84016
86017
86017
88021
86020
86020
88016
88016
88015
88016
90017
92018
92020
92020
92021
86005
86006
86006
86006
90015
90014
86019
84021
84021
88020
88019
88019
92019
92019
92019
94018
96019
100029
100029
104017
104017
104019
100017
100017
100017
100016
100016
100016
100015
98008
100010
102010
108010
108010
104007
106020
104031
104031
102014
102014
102013
100030
100031
100031
98031
98031
94032
94032
90014
90014
92030
92018
86014
86013
84018
88015
84016
84017
84016
84016
84016
84016
86017
86017
90017
92015
94031
94031
94031
94031
88030
88030
88030
88030
86029
86029
86029
84032
84032
84032
84032
84032
84032
86019
82015
78018
80018
80018
82013
86012
86012
86017
88033
90030
90029
86030
84029
82027
82027
82027
84014
84013
90014
90014
84016
84016
84016
84015
84015
80016
84016
84017
80017
80017
80017
78018
80016
78004
78004
74016
74016
72015
72015
72015
74018
72018
74018
74019
74019
74018
72017
70017
64016
64016
64015
62003
62003
62003
64002
64003
64003
64003
64002
64002
64002
64003
64003
66003
64018
64018
62002
62012
62012
62012
62013
58015
58015
62031
62031
64016
68016
68016
66015
66015
64014
66016
64000
64000
64000
64000
64000
72001
72001
74002
74001
74001
74002
74002
76015
76015
76015
76014
80001
78015
78015
78015
74014
76015
72016
68017
68017
68017
66001
64004
66002
66002
70004
70004
70004
70003
68016
68017
62016
62016
62015
62015
64015
66027
66027
66027
62027
62026
64016
64016
64016
64016
60016
58018
58018
58019
58019
58019
58019
58019
56016
56016
54017
54016
56019
56020
56020
58016
60016
60017
62016
62015
62015
62015
60014
60015
64015
64016
64016
64016
64016
68027
70015
68015
68015
70016
70016
68018
76017
78017
78016
78016
78016
76000
76000
76026
78014
80015
80015
80015
78016
74016
74016
74016
74016
74016
74016
78015
78016
76015
76015
76015
80015
88016
86003
88002
88002
90012
86025
86024
86024
86024
88014
88015
88014
88014
88014
88014
88014
88014
86016
86016
82015
84016
84016
86016
86016
86015
86015
90017
92026
92026
90026
88014
88015
90003
92004
92004
90014
90014
94015
96017
96017
96017
96017
100017
100017
100017
100018
100018
100018
100018
100017
100017
100025
100024
100024
98028
96028
96027
98016
102017
102018
102018
106018
106017
104016
104015
106016
108025
108026
104014
102026
102026
102026
102016
104016
104017
96018
98018
98018
98018
100025
98025
98025
96014
90026
88025
88025
88025
88026
88025
88025
88025
88025
88025
88025
76025
76025
76025
76025
76025
76025
68024
68024
68025
70025
72014
78016
82024
84015
86037
84047
82046
82046
84024
90025
88024
88024
88024
88024
88024
92034
92023
92023
90023
92023
92023
92023
88022
86013
92013
92013
92013
92012
90024
88024
90024
90024
94034
90033
88031
88031
88032
90022
86021
86021
88021
88020
90020
90020
94021
96020
96020
96010
96010
96010
104021
116009
116009
112021
108020
108019
108019
108021
110020
108021
108021
106021
104012
104011
108011
108012
108012
112012
112035
110035
110035
110035
106035
106035
106035
104028
104027
104028
106014
106014
106014
108014
110012
110011
112013
112013
112014
112014
116013
116013
116013
118012
118012
120012
120012
116012
120011
122010
122012
120012
118012
112010
108003
106012
103990
103990
106001
106001
104023
98022
98022
104015
104015
114013
114013
110002
108012
108012
114012
116012
116013
118012
118011
118011
112011
112012
112012
114013
120023
120022
120011
120011
116002
116002
118002
120002
122001
120011
120011
120011
118011
118011
116012
116012
114012
112013
114014
112013
112013
112014
104003
94015
94015
94015
94015
94015
94016
92017
94027
94027
94027
94026
94026
94026
92016
94016
96016
94015
92001
92002
92001
92001
92001
92001
92001
92002
94014
94013
92027
92028
92028
90028
88030
88030
86028
90017
90016
96016
96018
96018
96018
94018
94018
92018
92019
96017
94018
92019
90017
90018
88019
92020
92019
92020
92020
92020
90008
92008
96009
96009
96009
90016
90016
80019
80019
80019
84017
88018
82018
78018
80030
78031
82017
82018
82018
84018
84018
84018
78008
78008
76019
76019
76018
76019
74019
72019
70019
74019
74019
74019
74020
76019
76019
76019
76019
76019
74019
78019
78019
78019
82019
80019
82019
82019
82020
82020
84017
82014
78005
78006
78006
78006
78006
86007
86018
88024
86024
84025
84026
86016
86016
88036
88037
88037
90017
90017
88005
90004
92005
92004
94014
94014
96003
96003
96004
94023
94023
88024
86013
86013
86013
88014
88014
88015
88014
84015
82015
84015
86016
86016
86016
82015
82015
82014
82014
82014
82015
86015
82014
84015
84015
84015
84015
84014
90012
92014
88016
88015
88015
88015
88003
88004
84018
84017
88017
86016
86016
84015
84015
88017
88017
88017
92017
92016
94016
96017
96017
92018
92018
92018
104017
102018
102018
104020
102019
102019
102018
98019
98019
100016
98027
98027
96027
96028
96027
96027
94029
94029
94029
104019
108019
108019
108019
100019
100027
100010
102011
104010
104009
102018
106019
103999
103998
106000
104020
104019
106029
104031
102030
102030
102010
102010
100021
100021
100021
98013
98013
98012
96022
96022
98020
96019
96019
98020
98020
102018
102018
102022
102021
102020
102020
102020
102020
102021
102021
102021
102020
96020
98029
96029
96029
102020
102021
102021
96023
96020
98021
94021
94021
94021
92020
92019
96019
96020
96019
96019
96020
98019
98018
94017
96018
96018
92019
92019
94018
92018
92018
92017
92017
92017
80017
82017
86026
86015
86015
86015
86015
86014
86014
86018
84007
90007
90007
90006
92006
94006
96018
96018
96018
86028
84017
86018
86018
86017
84008
80018
78017
82020
84021
84021
86020
86020
86021
84019
84019
84019
82009
84009
84009
84009
82019
82019
82019
82019
82019
84019
88019
88019
88019
88019
86021
86022
86022
84020
84020
80022
80022
78018
76018
76019
76019
76019
78020
78020
78020
78020
78020
82032
80022
80022
80022
76020
76019
76019
78018
76019
74019
74019
76020
76020
78019
78020
74020
76028
72029
74019
74018
72019
72019
72019
70019
72019
72018
72019
70021
70020
70020
70020
70020
70021
70021
70022
66012
66021
70022
72021
72021
72021
76022
76019
78020
74029
76019
76019
78020
76020
74009
74009
74009
76007
74019
72018
74019
74019
76027
76027
80018
74016
72015
72015
66015
66016
66015
66015
66015
70016
70017
68016
68016
68016
70017
70017
74017
74018
74017
72017
72018
72018
78017
78017
78017
78017
78017
78017
78017
80018
82018
82018
82018
86015
86015
86015
92026
92025
92025
92025
96015
92004
92004
98004
98004
96016
96016
102016
100017
100017
100016
100016
98015
100015
104026
104025
106017
104010
108007
106017
106017
106018
106018
108020
108019
106019
106019
106018
104018
104018
104018
104018
110017
112026
112026
110025
110025
108026
104025
102026
102026
102026
98025
98019
96018
98007
96017
98019
96017
96018
96017
96017
96017
94018
94017
94017
94029
94029
92022
94010
90020
92019
92019
94018
94019
94018
94018
96018
96018
92017
92016
92016
96019
96019
94018
94018
92018
92017
92017
94017
92016
94015
88017
88017
88017
90016
90016
90017
90017
90016
88016
90026
90026
86028
86029
86029
78017
78017
80007
80007
78016
78016
78016
72016
72015
74015
78018
72018
74019
74019
76017
76018
76018
74018
68008
68008
66016
66014
62017
64017
64017
66018
66018
64016
64016
64016
68016
68016
68016
70027
72013
72014
68018
66008
74008
74008
76007
76006
76006
76006
78006
80006
80006
78014
80013
76016
76016
74014
72015
74014
80015
80015
80015
80015
82016
82016
80003
84002
84001
82013
82013
80014
80014
78015
78014
78014
80014
80014
80014
86015
88017
88017
84015
84015
84015
84015
82015
86014
86014
86025
84025
82026
82025
82026
82026
82014
84015
84014
84014
82014
82014
80004
80005
80005
82003
82003
82003
84003
86026
86026
84027
84026
84026
84026
84027
84017
80014
80014
80012
80012
78015
78014
80013
80013
84013
84014
86013
88014
88015
86017
86021
86022
86022
86022
86022
86023
82023
86013
88013
86002
86017
86016
84013
84013
76014
76014
80013
80014
86012
86013
84013
82013
82013
82012
84014
86023
86023
86023
90038
88038
82037
84015
84015
86015
86014
86014
86014
82015
84016
84016
84015
84015
84015
84015
84015
86016
86015
84015
86015
80014
78012
80014
80014
80014
80014
80014
90012
86013
86013
84002
88004
88005
88005
88004
88004
86016
86016
86016
86016
86016
86016
86016
86015
86016
88017
90016
92016
92017
90004
90004
90004
90004
92005
92005
92004
90014
90014
94014
92016
94024
96015
98016
96017
96017
92018
92017
90018
88017
90016
94015
94011
92008
92008
92008
96010
96009
98006
94016
92015
92015
90015
90015
90015
90015
90014
90014
86019
86018
80020
80020
80020
80020
80020
80020
76019
74009
74009
74009
74005
77998
79995
88017
92017
92017
90017
90017
90017
90018
88017
88017
88017
90018
90018
90018
92029
90028
88029
88029
88018
88018
88018
90017
90017
90017
90017
94017
84019
84020
88020
88020
84018
84018
84019
84021
84025
84029
82028
84018
86018
88017
88017
90018
90018
98016
94016
102018
102019
100018
100017
100017
102018
102018
100018
100018
100018
100018
102027
104019
106017
104009
106018
104017
106017
108026
114016
114016
114016
114016
112017
108016
108016
108016
110016
112016
108014
108014
106017
112024
112025
112025
114015
116015
116015
116015
120015
120015
120012
120012
120012
130012
130012
130012
130012
130012
130012
130012
130013
130013
136003
132010
130013
120013
116013
114013
114014
116014
116014
116013
116014
116014
116014
114013
114013
116013
114002
114003
116002
116002
114014
114014
114014
110013
110012
114013
114013
114015
114015
114014
110014
110014
112014
112013
112012
112010
112006
112002
112002
110013
108013
106014
106014
104013
104013
98024
98024
88023
90012
92013
90014
90014
88014
90013
90013
90013
94013
94014
94005
88013
88023
88023
84022
84022
82022
84004
78013
80013
80014
82033
82032
82033
82033
82033
80033
78033
80025
84013
84014
78007
78006
78006
78024
78016
78016
80015
76015
76016
80016
80016
80016
70015
70015
72016
72017
72017
72017
72017
72016
72017
64015
64015
66025
66025
68016
68016
68015
66015
66015
66016
66015
68026
70015
74015
74015
72015
72015
72014
70016
76025
76024
76024
80016
80016
80016
76016
78016
80015
80015
80015
82026
82026
82027
82027
82027
86016
86016
86017
92016
94015
94015
94015
94015
96016
96016
94007
96017
96017
94018
94015
96017
96017
96016
94017
98016
98017
94017
96016
94016
96017
96017
96017
102009
102009
102009
98018
98018
96019
96018
95999
95999
95998
95998
95998
95998
98000
96008
92020
92019
92019
92019
92020
90011
88019
90020
88021
88021
88020
84021
84021
86029
86029
86029
84028
88018
88018
88018
90018
90019
90018
90020
92020
90010
90010
90020
90020
90020
94028
94029
94028
94028
92017
92020
90020
92021
92021
92021
92021
92020
86011
86012
88011
84020
84020
84020
86019
84019
78018
78018
78019
76008
76008
74007
74007
74007
70018
70018
70018
64019
64030
64030
64031
64031
62030
62030
64019
62009
64009
62018
60020
60018
62019
62019
62019
58019
58018
58019
56019
58018
60018
58009
58009
54017
54017
54017
54017
54017
56017
60017
64016
64016
68017
68017
72025
74016
76015
80016
80016
82015
82015
82015
82015
84016
84016
82015
82015
82015
82015
82022
84021
82013
82013
82013
82013
84018
86018
86018
84019
84018
88020
86019
84019
84020
84020
88019
88019
88019
86010
86009
86010
86010
86010
84018
88028
88017
88017
88017
90028
92018
92018
96018
94018
94018
94018
94018
94019
98020
100019
100019
100018
100019
100019
100019
100019
100019
104019
112037
112036
112036
110025
112009
112008
116017
116017
116017
120020
120020
118020
118020
118020
116020
116021
116021
118022
118022
118023
118022
118022
118022
114021
114021
114022
112022
112022
112022
112022
112022
110021
106022
102024
102025
98027
98032
94026
92035
88035
84034
84034
82035
84024
84024
84024
82023
82023
82023
84023
84023
86022
84015
82016
82016
84015
84015
84016
78020
76020
76020
76019
82023
80019
80019
84019
84018
84018
78018
78018
78018
76019
76020
84020
84020
84020
86019
80009
78019
80020
80021
78010
76020
82019
78018
78018
78018
82020
82020
82019
78018
76019
76019
78021
78020
78020
78021
80019
80019
76019
68001
70004
70004
70004
68020
72019
70012
70012
70013
64020
64020
64020
64020
64020
64020
62019
64016
62015
62015
62014
62014
62014
62018
62018
62019
62018
68016
68016
68017
68017
68017
70017
70016
70015
70014
70011
70007
70005
70004
76004
76005
76005
76005
78026
78026
82015
82015
82015
82015
82015
84016
82016
82016
86016
86016
92017
92017
92016
94017
94017
94017
94017
88013
90016
94015
90015
90016
90016
92016
94015
98016
98016
98015
92015
92015
92015
92016
92016
94018
92017
92016
92016
96016
92028
92028
92028
92028
88026
88026
86026
86026
88017
88017
86015
88015
88015
88014
86016
86016
86016
86016
84014
84014
84014
84014
80015
78013
78013
78012
80014
80014
80014
80014
82015
84013
84012
82016
82016
84028
84028
84028
84028
82025
82025
84015
84015
80018
80018
80017
80017
80017
82018
84018
82018
88029
88028
88028
88028
92018
86018
86017
86018
86018
82008
82008
80021
86019
86019
86020
88020
86019
86019
86020
82021
84020
84020
84020
84020
82019
88019
88020
88020
88020
86019
82020
84021
84021
84021
82021
90025
94022
94022
94022
92021
92022
94021
94021
96022
94020
94020
96035
96036
92036
90025
90025
90025
92009
92010
94010
96010
102009
102031
102031
102031
100031
106028
106029
106029
114020
114020
114020
114020
118021
120020
122530
122531
122531
122532
122533
120531
122017
122018
122018
122030
120032
120032
126021
126021
124009
124010
124010
124010
124010
126010
124019
124019
122018
122019
124018
126028
126028
122028
120028
120028
118008
120008
120009
120009
116019
116019
116019
116018
116018
116018
116019
114016
108018
112019
114018
110018
110018
110018
114025
114025
112026
104026
104026
104026
104026
98026
98025
98026
98026
96026
96026
96015
102016
102016
102016
92013
88016
90019
90019
92026
92026
90027
88027
94027
94027
94027
94003
98002
104001
104001
108002
108002
106018
106018
104018
104017
100021
98008
104017
104017
104017
98020
98019
100010
92019
92019
92019
94018
90017
88018
85509
87509
87509
87508
89508
89508
92021
96019
98019
96006
96007
96007
92018
92019
92019
92018
92018
96018
96018
94018
94018
94018
94018
94018
92019
90009
96009
96009
96009
98009
94018
92018
92017
94018
96017
98016
100017
100017
100017
102017
102017
102017
102017
100025
98026
98026
98026
98026
94018
96008
96008
96008
96008
98008
98008
100008
100008
102005
102005
104007
106008
104018
98016
98016
100016
100016
96015
94013
94013
92006
96008
96008
96008
88007
88008
92007
90016
86017
80018
80018
78016
78016
78016
78015
78015
76017
74014
74014
70005
70005
70005
70005
70005
68014
70014
72015
72015
70015
74015
80016
80015
78014
78014
84015
82014
82014
78016
76024
76016
78016
78016
78016
76016
78014
78015
78015
80014
76014
76015
76015
76015
76015
76015
76014
78025
82014
78015
78014
80014
78014
78014
80015
80016
80012
78014
76015
74014
74014
76032
74032
74031
76015
76015
78016
80005
80005
80005
80006
88005
86014
86015
90017
90017
88017
90027
88027
92016
94018
94018
92017
90016
92016
92017
92017
90017
90017
92016
92015
92015
92015
88013
92025
92026
92026
94013
90015
96015
96015
98014
98014
96015
96015
96016
96016
98017
102026
102026
102026
100026
100026
100026
100027
100027
104017
102017
100016
100017
100017
96017
90016
94018
94018
98016
92016
96025
100017
100016
98009
98016
98016
98016
98016
98015
96016
98015
98015
96016
96016
98014
100015
100016
100016
100016
100016
98005
94016
92015
92015
90016
90016
90016
88015
88014
86017
86016
86017
86017
86017
86000
86001
88001
88014
88014
88006
86016
86016
86017
86016
84017
84017
84016
80014
84016
86015
84005
84005
84017
80017
82015
82014
82014
80014
80013
80013
80013
80013
78015
80018
80019
80019
82026
78014
80004
80004
78016
78015
74015
76013
76016
76016
76016
76016
76015
76015
76015
72005
72005
72006
72006
72006
74006
78014
78015
86015
86015
86016
86015
86015
86015
86015
82013
84012
80014
82023
82004
78012
80012
80013
78014
76013
78013
78013
78013
78014
76014
76014
76014
76014
74015
72014
74014
76013
76014
76014
76014
76014
76014
76014
76013
76014
76014
76014
76014
76014
78016
80014
82015
84020
82025
84013
82013
82017
82017
78015
78015
78015
78014
78014
72015
72015
82015
82015
78013
76015
76015
76015
72014
72014
70016
72017
72017
72018
72018
72018
74017
74018
74017
72013
72013
72013
70005
70005
68014
68015
68015
70017
68017
66018
66017
66017
66017
66017
80016
82018
80017
84028
86017
86016
86016
86016
84017
80008
82007
70018
70018
70017
70017
72018
74015
74015
74016
72017
72017
70007
66017
68030
66030
68019
70018
74035
72035
74019
76019
76018
78019
82019
82019
84019
84019
84020
82019
80020
80019
80019
80019
84019
84020
88020
88020
90020
90020
94021
98030
98030
96028
94029
92028
90023
90017
88029
88029
86028
86028
86028
86028
86028
88019
88019
88018
88019
78019
80020
80021
80020
80020
80020
80020
80020
80020
78020
80019
80018
80018
80018
80021
80020
80020
80020
84020
84020
84020
84020
84021
88019
88019
86017
86018
86018
84017
84017
86018
86018
72019
70018
70018
66007
64018
64018
64018
66018
66017
66017
64017
66014
66014
66014
66014
64013
62016
64021
64020
64020
64020
64020
64020
62007
62007
60017
62018
58001
58001
56017
54017
54017
52016
48016
52026
50026
50026
50025
50025
50025
50025
52013
54012
50012
50011
46011
46011
44010
44010
42010
38001
38001
38001
40001
40001
42002
42002
46000
46000
46000
46000
46000
46000
48011
48009
50008
50008
50007
54008
54007
54006
54006
54006
54006
54006
54006
54006
54005
52006
54006
54006
58006
56004
60005
60005
60005
60004
60004
60004
60004
60003
56004
56004
56004
56003
56003
56003
56003
56003
56003
56003
60002
60002
64001
64001
64001