8026
8020
8020
8020
8020
10028
20015
20015
20015
20015
22015
28015
28014
28014
28014
28015
28014
28014
28014
30014
30014
32012
36032
36032
46012
54012
54012
54012
58030
58029
58030
64014
78015
78014
78014
78015
78015
78014
78014
84013
88012
90011
102027
122009
122010
122009
126010
126011
134009
134008
134008
148010
148010
148009
148010
148010
162010
164007
169529
169528
169527
169526
171503
175501
175499
197494
197482
197480
197479
197478
197477
197475
197473
211475
211474
211472
211471
211470
211469
219466
219465
221466
221466
221465
227465
227465
241465
241466
241465
241465
249465
255463
255462
255462
255463
255463
259464
259465
271462
281463
278013
278012
278012
278011
278011
278004
278018
282016
282016
298016
302016
296016
298016
298016
310017
310016
310016
312018
312018
310018
314018
316029
312009
314007
306019
304017
304017
304018
300000
300000
321999
316016
306026
306026
306027
306026
306026
314013
314013
328016
324017
324016
312001
292019
292018
292018
308017
308016
300018
300018
300018
286016
286017
286017
292014
292015
278015
282017
275995
282007
282007
289997
288017
284016
288016
268017
268017
270030
270030
272017
280016
280017
280017
268020
270014
274014
274014
276013
276012
268013
268013
266012
270012
270012
284012
284011
270010
270010
278012
282011
274011
270013
270013
270013
278013
278013
292011
292010
280014
270013
266012
266012
266012
274012
274012
272011
264012
270013
270012
254012
248013
252015
250015
250015
242014
242014
242014
242013
252014
252014
248014
248005
248005
246007
244015
240015
242016
242015
244015
244015
222015
222014
218004
218004
220005
220005
220005
220044
232016
212014
212015
218017
218016
218016
218017
228026
208026
210018
210018
210019
210019
218017
224025
224025
220019
234026
234026
228026
228026
222015
224007
220017
222017
238016
234015
232017
234019
232006
236004
242018
236017
236016
244016
248010
262017
258017
258017
256018
256019
256019
256019
256018
262018
262019
242019
242019
242019
244019
236017
242020
242019
240020
244022
248020
272018
272018
254018
254018
254017
254017
258021
260017
264026
270030
270030
270031
274016
264017
264017
264017
280017
288014
294015
294016
294016
294016
294016
294016
284015
290014
290014
290014
290014
308014
308014
316014
314013
314013
324024
336027
348013
348013
348012
348012
350010
354020
362011
353985
346013
352014
352014
346011
346012
366011
366010
356002
356002
354010
356010
360018
360019
358010
352001
352001
350009
340002
340002
340002
340002
340002
340012
336013
338019
322020
322020
324020
322018
322018
332015
324014
324016
324016
316017
310017
294016
302014
302015
302015
304015
304016
304016
312015
302015
310015
310015
314017
314017
312017
328015
318014
318014
322014
326012
328013
298013
302015
306014
306014
320015
320015
318009
324015
320006
318003
326001
326000
322014
332013
334014
334014
328014
316015
310014
310013
308013
310013
326038
346014
346014
340015
340016
336015
336015
318015
318015
314014
318027
340014
332003
320000
326015
326015
326015
326015
326016
340007
332016
332016
328016
322016
322015
330017
330016
310017
310017
312017
312018
312018
314018
330007
330006
324017
324017
324017
324017
320017
328019
328019
330021
330020
330016
330015
326009
326009
334011
332010
332010
334010
328017
328016
326016
330015
342015
342016
344024
340016
340015
344018
342018
342017
342017
334018
334018
328017
330017
326015
326015
326015
312018
312017
312017
310026
302026
302019
300020
296018
292020
298019
284018
300019
300022
292020
292020
280020
278021
278022
276021
266022
274032
274032
270018
270018
276020
276020
288020
288018
271993
256018
256018
256018
258017
258017
258017
262017
262017
256020
252007
230020
236019
236019
218019
218019
218019
218019
228028
210027
210027
216017
216017
216017
224016
214016
216023
236017
236017
238016
248015
248015
250015
230017
230017
236029
236030
236030
236030
246017
238016
240014
246013
246013
258027
260015
260015
260015
254014
254014
258014
256014
260013
260013
260013
256014
244013
244013
242005
248014
250014
248013
254010
278012
278012
278012
282010
280010
280011
280011
302011
302011
300010
300010
300010
298001
298002
308011
308011
308012
316011
310013
310013
294012
292011
298009
298009
300010
294011
306009
306010
306010
295999
295999
292014
296026
294012
294012
296011
294014
294014
288012
288012
288012
292022
292022
300013
296014
298013
298012
304021
310010
300011
300011
300011
310021
310021
328012
314002
314003
314003
338022
338022
338021
332014
338014
336007
336015
336015
332015
322015
322015
316015
316016
318015
316001
316001
322002
330001
320013
328013
326015
318015
318015
308001
316013
316013
316013
314012
314012
324012
324013
312012
312012
312012
312012
314013
318012
322023
314013
318014
316012
314013
290011
290011
310020
306023
312013
310012
314012
294014
294014
294014
294014
294014
294015
294014
282013
284013
284012
276012
276012
276012
276012
284011
278014
280014
282012
282012
274012
274012
278014
278015
284022
282020
281998
288011
288011
274021
274020
274021
304011
304012
304012
300005
302002
294011
294010
292011
296012
292005
286016
286016
290016
290015
294004
302004
284013
296014
296015
296018
266013
266013
266013
264022
258022
266012
246010
246010
246010
246010
246010
246011
248010
258009
254011
256011
250010
246011
246011
240011
240012
240011
242018
240012
232011
232011
248012
250012
260013
246013
246012
246012
246012
248012
258012
262011
260023
256012
254023
250010
250011
250011
250011
250011
238001
238000
244023
246011
242011
240010
244010
244010
264010
264010
264009
264009
260009
258009
258010
264010
264010
264010
264010
256011
256010
270010
266010
266010
262010
262011
258009
262009
264013
280012
276022
266022
266022
264013
264013
274002
244013
244012
246012
244009
242012
266024
266024
266024
262023
260021
260021
260022
256022
256022
246013
238013
240014
228013
238010
238007
238004
238004
260002
260002
260002
252012
256022
256022
256022
266012
266012
266011
266013
284015
284015
286014
302014
298014
298014
296014
298022
298022
300006
304015
326016
326016
310015
308015
298015
298015
308014
308014
308015
306015
296015
294024
296003
334003
334003
332015
332014
328016
330015
330015
322017
334018
322005
320017
320016
320017
332017
332017
312017
312017
328017
336016
336016
338016
338016
340017
340016
346016
348016
348017
348017
332017
342015
342015
346017
348015
352016
348015
340004
326005
330006
330006
330006
334005
334006
324016
324015
324015
322015
324015
328015
306003
306003
324002
324002
324002
336002
336001
336002
336002
332012
332012
330011
330011
320013
326015
338012
338012
316015
316014
316014
316014
316016
316016
316016
318016
326016
326016
324014
298013
298014
294014
282015
294014
302025
302024
316012
316012
312021
306020
282020
282021
284012
290013
290012
298020
290014
290014
308025
312016
312016
308008
310014
272014
294014
298015
300015
302013
310013
310014
310013
304012
304012
304012
308013
308012
292012
298011
298012
300012
284012
276013
276013
274014
286013
278013
278013
278013
276013
276012
276012
276013
270023
270024
266022
270014
266013
268013
268013
266013
262012
272013
272013
268014
278023
278023
278023
278023
280015
278015
274015
274012
280014
272026
272026
272026
260027
260027
264014
266014
266014
268014
268014
268014
268013
272012
264011
264012
270012
274011
276011
278012
284000
284000
284000
280012
272013
272013
272013
268014
268013
274013
270013
258014
250003
250003
236007
240006
244006
244007
244007
260004
258013
252012
252012
254009
252016
252016
240004
236013
236013
236012
238015
238015
226017
222016
220016
226014
244017
254014
254014
250017
258021
264014
260014
262017
262017
256018
266016
264017
264017
272016
272016
280015
272016
274024
274025
268025
270015
270016
270016
270015
266007
272005
272005
266014
266015
274016
276015
276015
276016
266014
270013
270013
268013
268013
268013
268013
266022
278013
278013
294028
288026
300001
300001
304000
314002
324002
326013
326012
326012
346013
346014
346014
346014
336013
344016
344016
358014
354016
352016
350015
340015
340015
342023
334021
334020
334020
334020
334020
334020
328020
336013
340012
346013
346014
366011
362012
358012
358011
358011
342013
342014
350017
350017
360028
360028
360028
354028
354028
354028
354029
346029
346029
336027
348010
348011
340014
312012
302014
304014
316010
308006
302013
316013
314010
314010
314011
322013
322012
322012
314013
314013
314014
310013
310012
312003
318003
316014
316013
322013
332012
332013
326014
334024
334024
334023
324023
322024
322024
322023
322023
318024
318024
318002
318003
332003
340003
340003
328012
330014
316009
316009
308017
308018
304018
300015
292013
300015
298016
298017
276016
276015
284019
284019
284019
288016
288015
268016
270025
270025
270026
270026
280017
278009
284011
284011
288009
288009
294010
294011
296008
288014
284015
278014
280024
266019
266019
280036
280036
290018
292020
296020
294014
294015
273999
280000
280000
298001
298001
298002
298001
298001
302000
302000
302016
302016
302016
302016
308016
306016
320017
320017
320017
306017
308015
316015
316016
298015
298015
298015
300014
300015
302016
302016
300008
298016
292016
292016
310014
320013
310014
310014
318015
310005
318006
318006
320002
320002
328013
330003
338003
338003
342004
340016
346014
332015
326013
330023
330023
346012
342006
344006
336011
338010
344012
338013
342032
328031
352013
352012
352012
352013
344009
344009
344009
328012
328012
328013
326003
330003
330002
330002
326013
326013
320011
324010
332014
332014
326013
326012
324016
324016
332013
332013
330003
322010
328009
313992
315993
306011
304009
300009
302012
306011
306012
302011
310010
292009
298010
298009
300011
300011
296012
296012
286022
288012
288012
290014
308013
308013
286012
286012
286012
286012
284014
276013
280012
280012
280012
280012
278013
278012
276012
276012
290011
298011
298011
298010
280012
276014
280013
280013
272012
276014
278013
278013
292017
292017
284006
282017
274017
278017
276017
272016
268024
274015
278018
274008
274008
268017
268017
266017
270016
282016
276015
276015
279999
280000
262015
264018
280016
298017
298017
298018
304016
304016
304016
306015
316024
316027
322017
322017
316016
316016
316016
316017
304015
312016
318015
318015
320015
320015
316016
320018
320017
332016
326017
330016
328015
328015
336016
344015
336015
332015
332014
340016
332017
344025
338024
338025
336023
336023
336023
344016
342007
340017
340017
344014
324016
324016
322015
324016
346025
346024
346025
346025
342025
348044
348044
356014
356015
356015
348013
356014
342015
334015
338014
348014
354017
360014
356016
356015
356015
352013
342013
342013
326013
326013
326013
326012
328020
324021
324012
322013
330007
324015
318015
318014
318014
306014
312013
314012
304015
290015
290014
292015
282014
282014
292015
290012
274014
256012
266014
272012
266014
266014
268012
266012
256002
252001
250012
258012
262012
270012
274012
272012
278022
274011
268012
268012
266011
276012
272014
268012
268013
264014
264015
260016
260016
272015
264015
256015
256015
262015
270015
260014
260014
252005
252005
262015
264004
264004
264005
256012
258015
258014
262012
258012
256010
260015
258014
256013
238020
238020
238019
238019
242005
235987
235987
242017
266016
268015
276015
268014
272015
272016
268017
258017
254014
248025
248024
254014
254014
254014
258015
264024
272013
272013
296014
296014
294007
294006
292014
298016
288015
288015
288014
288014
294015
294015
294012
292013
300015
300015
300015
298015
302014
304013
290014
306016
314014
326026
316024
310025
312015
312016
310018
318020
330019
330018
330019
322019
332018
324018
320018
326020
320010
316021
316021
324021
324021
314020
340020
340020
340020
332020
332019
334018
334018
322020
342018
342018
342018
336019
330020
330019
336019
332020
332020
332019
330031
330031
330030
330030
332019
346019
342021
340023
338024
340018
338021
346021
342005
360004
360004
360004
356019
356018
356018
348019
324019
334021
328020
328020
324019
324018
326018
328017
338018
330009
332009
330018
334018
344021
344017
340010
334019
334019
310018
318019
318018
318018
330019
324017
324017
324017
330017
330017
324016
324017
318020
318020
310017
316017
316017
316016
312017
316018
314019
300016
292018
282006
284006
284006
286018
288015
290021
284011
272013
272013
272010
272010
268011
268012
284010
276009
276009
276008
276008
268008
270008
270008
246009
246009
250009
250009
250009
248010
258010
258009
238010
242012
260024
260023
258022
258022
252023
252023
260011
250001
250000
258002
268001
268001
272009
266007
266007
266006
268008
262009
262009
254009
254010
242020
242021
250014
250013
250013
258022
264011
264011
252010
250011
260013
260013
270012
270012
276015
264014
260015
266015
262017
258017
248014
244017
246017
266019
266019
266020
278016
278016
278016
266016
266016
270017
272017
266018
266018
270019
282023
282024
282024
286018
280018
280018
286018
290018
284017
288018
286019
286019
290032
288032
288032
296020
294022
292016
290024
296023
306022
302023
302024
292023
292022
278025
282023
282023
284022
284022
284023
292033
292033
294021
308023
304022
304022
304022
304022
298023
298023
298024
294022
294011
294011
294011
294011
294011
294011
286023
286023
286023
290023
280024
280024
280022
272024
274032
274032
276022
284022
296023
298037
300022
314012
314011
306018
324019
324019
316010
322020
322020
322020
342021
332019
332019
324021
326019
324018
340019
340018
332018
340015
340015
340015
344016
340014
318014
318014
318013
298016
298016
298017
298016
298016
294015
294016
310015
310015
312015
300010
302018
302018
298024
306014
308013
302013
298013
308024
310012
310012
310013
310001
310001
312001
300011
300011
304016
314011
308012
298013
298014
300015
306015
306015
304014
314028
320014
318016
318016
322017
312007
312008
324016
310014
312016
312016
312016
312017
308016
308016
310014
312014
294013
300017
304013
304014
306013
306013
306013
306014
318014
306013
316012
324011
322013
322013
330006
330006
326015
320014
308014
306000
304014
286014
286014
286013
268013
288024
290014
272014
286023
294014
274013
274013
280013
278012
280014
274013
262012
264011
264011
256013
256013
260014
268014
268015
268014
268014
268014
288023
288023
292016
292016
292016
292016
298016
282016
282016
276015
278015
276006
276006
276006
272028
272016
272016
272016
262005
256016
270016
274015
268014
274014
272014
278015
278016
274011
266014
272015
272015
272015
270013
276021
276021
280013
266000
260014
260014
260014
256012
258013
258012
242015
242015
244012
246024
246024
246023
248022
258014
256015
254015
254015
252010
248014
254015
268015
268015
278015
278014
266014
268013
262015
254016
256013
256013
246012
246012
246011
246022
254013
258013
260016
258017
266015
266015
270013
250003
248013
248013
234004
232015
232015
232015
240016
240016
234016
234017
230017
228519
236018
236018
238018
236017
228024
228023
228023
228024
244016
224007
224008
220014
220014
220014
220014
212013
214014
238014
242022
240022
240022
270022
270025
266013
266017
278016
278016
278016
278016
268017
264017
264017
260016
260017
254016
258015
258015
256016
264014
264014
264013
266014
256006
260016
256024
276015
276015
276014
286028
292016
292014
296013
296013
298015
296015
300003
300003
300004
310005
300013
300013
300013
304013
300014
312014
306012
290012
290013
298012
322015
322016
320016
316015
320014
312017
312018
312018
340016
340017
338007
334014
334014
332011
340013
336014
346013
342014
342014
342014
350015
350016
346013
346014
356013
342012
350014
358012
370020
370020
369519
374014
374014
372014
370014
374004
384006
384006
394002
378010
378010
388011
404011
404011
404011
412011
414021
412021
388021
386004
386004
386005
360002
364000
368001
366011
354012
360010
360010
360010
356009
366011
366011
364012
386024
386024
388012
404013
404013
400014
400014
400014
398013
396013
396003
402003
382013
382013
386025
376011
372021
370022
378014
378014
376013
374014
368014
374014
374013
364014
364014
366013
366013
366013
366013
364012
368012
374013
382011
364012
342010
342009
348018
348018
356010
356010
370020
372009
348021
348020
348020
354014
350014
350014
342012
340014
336014
336014
344015
350015
344026
354012
352014
352013
342014
348013
340011
332013
330005
332004
348004
336010
336010
336010
342011
344013
334011
334011
324014
324014
324014
322012
310015
310015
310015
304023
302013
302012
306004
304013
304013
312011
320016
316015
312014
316012
316012
310014
310014
318016
318016
308014
310011
312014
290001
290001
294011
278010
278010
268010
282011
282011
282011
282012
282011
286013
286012
292010
289999
306000
304002
304002
292011
292012
292011
292011
294009
288010
310009
308008
308008
308009
310010
310009
310009
304019
300019
310017
302018
306012
304011
304011
298002
300002
288011
288011
274000
272011
276010
276010
276010
266017
276009
276009
276009
274008
268009
292011
284009
278010
275998
266010
266010
266011
284013
278014
278015
278015
268014
266015
252016
254015
260025
270018
264017
254017
262018
262018
262018
262018
272017
264017
260014
272015
272015
270007
270007
270008
266016
272027
272027
276020
264018
266015
266015
264025
264025
264025
264025
256024
256024
276015
274018
272016
276017
276017
268018
268018
268018
268018
254017
272019
272020
272019
268020
258018
268017
262019
262019
246018
246018
246018
252020
252019
252019
252019
250022
250021
230022
238019
238020
236020
234019
230020
238020
238013
238013
228012
228012
224018
232030
232030
234021
234020
244020
250020
250020
250020
242011
242012
252012
252012
242020
242020
242021
244021
246021
222019
226018
230019
234028
234029
248018
248017
232024
232024
232023
248023
248023
248023
246022
244023
238014
228021
230015
230015
236013
244012
244012
246012
236013
250015
250015
238015
238015
238015
238016
238015
238015
234002
238012
232011
232011
230014
236014
236006
244006
244006
244007
248003
248003
228012
236012
236011
232010
232010
236017
236018
236018
238015
250015
232013
238010
248011
260011
260011
250012
250012
252012
252012
252012
258022
256010
256010
256010
260010
272008
272009
274009
278011
278010
278010
278011
298023
290024
286022
292019
286021
286021
288012
280001
281999
280008
290020
280020
274020
274021
274021
282016
282016
272016
276012
276012
290013
290012
310012
308012
308012
304013
300012
296004
300004
286015
290013
288004
288005
290004
282005
292016
292016
298005
302005
312003
312003
318012
318012
304013
300019
314012
312012
316012
302010
304009
306009
306009
306009
308008
322012
322012
320014
316004
310013
310013
314013
308013
308011
300011
300011
302021
298024
298024
304023
296025
304024
304024
314014
308008
308007
308008
308012
306012
310010
310022
300021
288022
288022
294015
294015
292014
292014
292014
286004
284014
284014
288025
290014
282015
282014
278014
272025
274016
274016
274015
262001
262001
278000
272003
274004
274004
274012
276012
278014
280016
268005
278003
288005
288004
292013
284018
284017
292021
292011
292012
280012
280012
276013
276013
276013
280012
282012
282011
280010
286018
282021
290012
290012
288013
280012
270001
270001
282012
278012
268013
268013
260010
272010
272010
268005
254012
254012
256015
256015
254016
258016
258016
264016
274016
260012
270013
270014
270014
270014
278014
274014
280024
280015
280015
284025
284004
308012
308012
302013
302011
298004
298004
296014
334016
334016
334015
332014
324015
320017
314008
314008
314007
320006
318013
318013
316013
318012
322023
322024
324014
324015
320004
320014
346014
346014
346014
350003
372012
372013
372013
370016
370015
354017
354017
352016
356017
354018
352017
356016
356024
368015
358017
348015
348015
344007
348007
356007
348004
344018
352015
350015
350015
336013
338013
342013
338014
336014
338026
336026
334006
334005
326014
330026
330026
334015
334015
352015
334015
334015
346016
346016
358015
346015
346015
350017
350017
350017
350014
350014
350014
344013
344013
346015
342016
342016
332015
336014
336014
342014
334015
338015
344004
342014
342015
338005
340015
316007
316007
320007
320007
318023
318024
314015
282012
292013
294013
294013
292013
292013
292012
292012
292012
290024
292015
292015
292016
290017
286006
294005
290015
290015
290015
286014
262017
262017
262017
252018
242026
242025
248018
242017
242017
244026
244026
264015
264014
264014
268014
262015
266005
258015
260013
274014
276014
276014
276014
294014
294013
294013
286015
286014
290015
286016
284016
282016
284016
284016
282004
282004
278017
278017
278017
290003
296004
304014
304015
286015
292015
292015
280014
284013
272014
272014
272014
268012
272013
274022
268022
268022
268022
274012
290011
282009
274008
276008
276008
280008
280008
274008
274007
276007
270007
270007
270006
284016
280016
280016
280016
280007
280007
293999
293998
296006
290007
280006
284006
288008
288007
288007
288007
288007
292007
287996
282005
282005
284004
284004
290003
282003
282003
300003
310014
308016
308004
308004
308004
308004
293996
293996
296000
298000
298000
295990
303990
284001
280001
280001
280001
282001
276001
272000
278001
270001
268001
292000
288000
262000
272001
277999
277999
277999
277999
277999
279999
277999
279999
279999
281999
283999
283998
287998
287998
277998
271997
281998
283997
283997
323996