9
9
9
31
31
31
36
36
36
41
54
54
54
54
54
68
68
68
69
104
104
104
129
129
129
155
155
155
155
156
159
159
159
161
161
167
177
177
186
186
186
222
222
222
222
222
222
222
222
222
213
213
216
194
194
199
194
204
204
199
187
187
190
193
214
200
202
205
207
172
194
194
169
176
182
158
158
158
158
192
189
189
189
187
187
181
171
173
182
182
182
146
172
172
172
175
175
175
175
175
175
187
189
189
191
186
186
179
183
183
191
191
188
185
168
199
197
194
191
191
173
177
177
170
184
196
196
196
200
171
181
202
202
202
202
203
213
211
193
193
218
218
192
192
192
189
189
189
189
189
189
184
179
183
208
208
208
205
201
201
243
243
243
243
239
208
208
208
208
226
222
218
218
218
200
192
192
192
188
185
175
157
162
184
184
225
215
215
215
215
190
196
204
204
204
204
205
205
226
226
226
222
222
226
199
205
205
205
205
205
175
175
175
175
180
180
180
180
193
175
183
183
183
191
202
196
196
202
210
216
216
213
219
197
197
157
157
157
163
163
173
167
159
179
179
179
178
179
159
164
164
170
170
162
162
156
156
156
159
162
166
166
166
166
180
182
189
200
187
197
189
189
218
210
197
197
197
191
183
174
174
174
163
163
163
166
176
176
186
186
176
176
176
156
169
169
179
178
177
188
188
179
187
187
187
187
204
204
201
198
204
204
204
204
185
183
176
167
184
174
174
201
172
172
172
180
180
182
196
196
196
196
196
196
204
199
195
195
179
189
207
207
207
231
218
218
208
208
208
192
192
192
184
184
184
202
185
185
185
197
166
168
172
176
193
193
193
191
182
182
182
155
155
165
165
163
166
183
169
169
169
180
184
184
176
187
181
181
189
179
161
161
175
151
151
164
164
164
164
164
164
185
185
203
203
185
206
206
206
194
194
192
188
184
167
172
172
178
170
170
170
220
220
210
210
204
201
182
182
182
182
177
173
192
192
181
181
184
219
219
219
219
205
205
205
195
219
220
231
231
232
214
214
197
220
220
199
199
199
199
199
218
218
218
218
219
229
223
224
224
233
183
184
199
199
199
199
225
225
225
225
219
219
200
219
219
221
218
189
189
189
189
190
191
197
194
170
172
218
218
217
214
214
213
190
190
190
190
190
190
190
171
171
174
174
168
195
195
194
194
185
185
184
174
174
174
175
149
157
157
168
168
168
180
161
162
162
162
180
180
180
180
179
178
172
172
172
169
112
112
112
112
112
112
122
126
126
151
151
151
151
151
151
148
148
148
111
111
111
111
111
111
111
116
116
116
115
115
107
125
128
128
128
116
151
150
148
148
116
132
132
132
132
132
144
144
152
152
185
185
185
185
185
185
175
171
171
146
185
185
185
185
185
203
203
203
203
203
203
266
266
266
266
256
256
256
256
256
256
240
226
243
243
243
208
215
215
215
215
210
210
210
215
222
210
216
230
230
197
197
197
198
198
231
231
231
231
231
192
192
228
228
228
210
210
224
224
224
224
161
164
164
182
182
182
182
182
201
201
199
199
182
188
188
201
194
199
199
199
188
188
195
190
234
234
228
206
206
206
206
206
213
220
195
195
195
233
233
233
233
215
215
217
224
227
213
213
230
230
230
227
249
231
231
231
231
231
212
257
257
257
257
251
251
266
266
261
261
261
261
261
254
255
204
226
226
226
226
226
226
226
227
220
212
212
212
185
185
185
185
167
167
181
174
171
171
174
159
159
177
250
228
228
228
228
228
228
228
183
183
183
183
185
196
168
168
168
168
168
168
168
168
175
175
153
153
153
166
166
166
166
157
157
159
172
176
170
182
182
182
201
201
185
185
185
185
188
186
186
168
101
101
136
136
136
136
136
141
141
190
190
190
188
177
177
177
177
177
177
177
177
177
169
169
172
172
189
176
176
179
197
197
197
195
182
187
186
199
199
199
180
180
180
197
197
197
191
191
191
211
205
211
202
202
202
202
202
197
197
149
151
158
158
170
170
170
170
170
170
194
194
194
194
194
196
196
188
211
211
208
190
212
212
212
212
203
218
193
193
193
206
206
210
193
219
219
247
247
247
227
227
221
195
195
195
195
195
233
233
232
230
223
223
211
211
251
251
251
251
227
227
227
240
240
235
235
291
268
268
268
268
246
246
246
246
246
227
227
243
243
257
257
253
253
275
275
247
247
247
247
247
247
257
257
257
303
303
265
265
265
265
265
265
265
265
225
225
225
225
225
236
238
225
233
233
238
173
174
190
190
190
190
190
190
194
230
230
230
214
214
187
187
187
187
139
139
139
139
139
140
142
142
132
132
164
118
118
118
122
123
129
131
131
136
136
136
139
139
183
183
172
170
170
162
164
159
170
230
214
214
214
214
214
214
210
174
174
174
174
174
174
202
202
202
202
202
202
202
202
201
212
212
212
212
180
180
189
197
193
192
186
184
192
189
189
197
194
194
153
153
153
161
161
161
159
159
179
119
119
120
145
145
145
145
145
145
145
145
145
145
145
117
117
119
119
119
119
122
122
138
125
132
132
132
132
132
131
137
137
137
137
147
139
137
152
144
144
144
141
162
162
154
154
154
154
154
123
122
125
124
105
113
113
113
116
116
126
126
178
178
178
178
178
176
176
176
176
177
177
165
182
175
175
175
175
175
167
153
181
181
181
171
171
171
156
158
158
173
173
167
167
167
167
167
181
199
199
211
208
208
202
194
200
200
213
213
203
203
151
155
158
167
192
192
192
202
202
198
198
209
192
192
192
192
199
199
231
231
203
203
203
203
203
203
203
220
220
205
205
190
190
200
200
200
186
173
177
165
169
206
206
206
200
200
184
184
184
184
198
231
228
219
194
194
194
184
184
184
184
169
169
169
169
170
179
179
150
153
162
162
171
171
172
179
179
160
160
160
160
176
176
166
166
178
178
190
186
186
182
145
145
156
156
156
158
213
213
213
199
162
162
162
162
162
162
164
164
168
168
171
184
184
184
183
173
173
170
167
171
171
166
166
180
182
182
182
189
189
189
183
183
183
196
184
188
171
175
181
181
183
189
178
184
184
192
137
137
149
149
152
167
167
167
167
167
195
195
198
199
213
200
200
200
214
213
228
228
228
215
215
213
234
219
210
210
234
227
227
227
217
217
227
214
214
227
227
223
217
217
220
214
228
223
247
256
256
256
244
244
244
229
229
232
232
263
233
233
226
225
208
208
208
211
197
198
183
183
197
197
197
195
174
174
183
183
163
163
197
197
197
197
202
211
211
215
215
215
215
215
210
211
236
235
211
192
192
192
192
192
189
189
189
186
186
169
169
170
177
177
177
184
184
183
188
182
203
203
199
199
199
199
204
236
227
227
223
235
231
231
231
231
216
225
225
204
204
204
204
204
207
206
183
197
197
197
204
204
204
204
273
273
273
273
273
259
259
258
254
260
260
265
287
285
280
280
259
259
265
265
265
265
260
228
232
255
255
243
213
213
213
213
216
206
206
217
217
222
222
222
235
235
219
212
212
212
244
244
244
244
175
175
175
177
177
196
196
196
193
187
187
175
153
161
161
161
161
161
145
145
158
158
163
171
167
144
186
186
186
186
186
186
183
175
175
178
178
173
188
188
181
188
188
181
186
186
153
153
153
180
180
180
180
204
204
185
185
185
185
208
208
208
208
207
207
208
208
208
208
208
210
210
220
212
221
221
179
179
179
227
227
227
227
227
227
213
213
227
212
212
215
208
230
230
225
225
219
219
230
203
215
215
215
189
189
189
191
194
194
172
182
182
182
190
190
189
198
198
198
198
183
198
183
183
177
177
177
180
201
186
186
186
186
232
232
232
232
218
218
218
206
212
190
190
204
204
204
204
193
200
205
205
205
205
205
211
209
208
208
218
208
208
208
193
193
194
189
214
214
214
214
200
200
202
199
199
210
208
192
159
159
159
187
141
141
141
141
144
145
145
173
167
167
167
153
153
153
163
163
156
139
145
147
147
147
147
149
147
149
141
142
142
145
155
155
154
178
153
153
153
153
152
152
150
150
150
139
138
133
152
159
159
131
131
131
139
139
174
173
173
145
145
145
145
145
145
145
135
135
135
138
151
149
149
149
143
141
141
139
136
135
135
139
135
135
145
145
145
145
145
145
145
145
145
149
149
149
160
173
154
163
171
171
171
171
163
163
178
178
178
178
178
178
178
190
190
192
207
207
207
204
185
185
185
185
207
207
207
209
223
223
233
226
220
243
233
205
205
211
211
240
240
240
240
236
241
254
243
230
268
252
244
244
246
264
264
264
211
211
222
222
222
222
239
227
231
229
214
235
235
244
250
250
260
260
243
256
256
254
240
240
264
264
264
241
241
241
241
235
235
216
241
241
241
241
236
234
242
242
204
204
211
211
218
200
213
213
232
232
227
227
230
230
213
214
212
220
235
214
214
207
207
207
197
197
215
202
202
202
202
202
192
192
202
202
230
247
247
265
265
255
230
230
246
251
251
245
237
237
262
262
255
255
246
246
238
260
241
241
247
266
268
268